>NM_012104.6
Start	End	Sequence	Length	Score	NBR
16 	 20 	 CCCC 	 4 	 -4.0
22 	 25 	 CCC 	 3 	 -3.0
26 	 32 	 CCCGGG 	 6 	 0.0
89 	 92 	 CCC 	 3 	 -3.0
96 	 99 	 CCC 	 3 	 -3.0
102 	 106 	 CCCC 	 4 	 -4.0
108 	 111 	 CCC 	 3 	 -3.0
120 	 123 	 CCC 	 3 	 -3.0
126 	 132 	 GGGGGG 	 6 	 4.0
136 	 139 	 GGG 	 3 	 3.0
152 	 155 	 CCC 	 3 	 -3.0
161 	 164 	 CCC 	 3 	 -3.0
165 	 169 	 CCCC 	 4 	 -4.0
170 	 173 	 CCC 	 3 	 -3.0
175 	 179 	 CCCC 	 4 	 -4.0
182 	 185 	 GGG 	 3 	 3.0
187 	 190 	 CCC 	 3 	 -3.0
193 	 196 	 CCC 	 3 	 -3.0
200 	 203 	 CCC 	 3 	 -3.0
231 	 234 	 GGG 	 3 	 3.0
242 	 245 	 CCC 	 3 	 -3.0
252 	 256 	 CCCC 	 4 	 -4.0
260 	 263 	 CCC 	 3 	 -3.0
278 	 282 	 CCCC 	 4 	 -4.0
298 	 301 	 CCC 	 3 	 -3.0
304 	 312 	 CCCGGGGG 	 8 	 1.38
316 	 319 	 CCC 	 3 	 -3.0
320 	 326 	 GGGCCC 	 6 	 0.0
332 	 335 	 CCC 	 3 	 -3.0
348 	 353 	 CCCCC 	 5 	 -4.0
358 	 361 	 CCC 	 3 	 -3.0
385 	 388 	 CCC 	 3 	 -3.0
394 	 399 	 GGGGG 	 5 	 4.0
408 	 411 	 GGG 	 3 	 3.0
419 	 422 	 GGG 	 3 	 3.0
432 	 435 	 CCC 	 3 	 -3.0
438 	 444 	 GGGCCC 	 6 	 0.0
451 	 458 	 GGGGCCC 	 7 	 1.0
465 	 468 	 CCC 	 3 	 -3.0
471 	 474 	 CCC 	 3 	 -3.0
476 	 479 	 CCC 	 3 	 -3.0
496 	 499 	 GGG 	 3 	 3.0
502 	 505 	 GGG 	 3 	 3.0
516 	 519 	 CCC 	 3 	 -3.0
525 	 528 	 CCC 	 3 	 -3.0
545 	 549 	 CCCC 	 4 	 -4.0
562 	 568 	 GGGGGG 	 6 	 4.0
570 	 576 	 CCCCCC 	 6 	 -4.0
577 	 581 	 GGGG 	 4 	 4.0
590 	 597 	 CCCCGGG 	 7 	 -1.0
611 	 614 	 CCC 	 3 	 -3.0
620 	 623 	 CCC 	 3 	 -3.0
630 	 634 	 GGGG 	 4 	 4.0
663 	 667 	 GGGG 	 4 	 4.0
673 	 677 	 GGGG 	 4 	 4.0
679 	 682 	 GGG 	 3 	 3.0
703 	 706 	 GGG 	 3 	 3.0
709 	 715 	 CCCCCC 	 6 	 -4.0
763 	 766 	 GGG 	 3 	 3.0
771 	 777 	 CCCCCC 	 6 	 -4.0
778 	 782 	 CCCC 	 4 	 -4.0
825 	 828 	 GGG 	 3 	 3.0
838 	 841 	 GGG 	 3 	 3.0
851 	 854 	 CCC 	 3 	 -3.0
858 	 861 	 CCC 	 3 	 -3.0
862 	 865 	 GGG 	 3 	 3.0
870 	 873 	 GGG 	 3 	 3.0
875 	 879 	 GGGG 	 4 	 4.0
883 	 886 	 GGG 	 3 	 3.0
904 	 909 	 CCCCC 	 5 	 -4.0
913 	 917 	 CCCC 	 4 	 -4.0
987 	 990 	 GGG 	 3 	 3.0
1000 	 1004 	 GGGG 	 4 	 4.0
1038 	 1041 	 CCC 	 3 	 -3.0
1074 	 1077 	 CCC 	 3 	 -3.0
1082 	 1085 	 CCC 	 3 	 -3.0
1095 	 1098 	 CCC 	 3 	 -3.0
1120 	 1125 	 CCCCC 	 5 	 -4.0
1157 	 1160 	 GGG 	 3 	 3.0
1217 	 1220 	 CCC 	 3 	 -3.0
1227 	 1230 	 GGG 	 3 	 3.0
1257 	 1260 	 GGG 	 3 	 3.0
1352 	 1355 	 CCC 	 3 	 -3.0
1414 	 1417 	 CCC 	 3 	 -3.0
1467 	 1471 	 CCCC 	 4 	 -4.0
1483 	 1486 	 CCC 	 3 	 -3.0
1507 	 1510 	 GGG 	 3 	 3.0
1587 	 1590 	 CCC 	 3 	 -3.0
1630 	 1633 	 GGG 	 3 	 3.0
1642 	 1645 	 GGG 	 3 	 3.0
1660 	 1663 	 GGG 	 3 	 3.0
1683 	 1689 	 GGGCCC 	 6 	 0.0
1759 	 1762 	 CCC 	 3 	 -3.0
1821 	 1824 	 CCC 	 3 	 -3.0
1860 	 1863 	 CCC 	 3 	 -3.0
1953 	 1956 	 CCC 	 3 	 -3.0
1972 	 1975 	 CCC 	 3 	 -3.0
1977 	 1980 	 GGG 	 3 	 3.0
1995 	 1999 	 CCCC 	 4 	 -4.0
2075 	 2078 	 CCC 	 3 	 -3.0
2079 	 2083 	 CCCC 	 4 	 -4.0
2084 	 2087 	 CCC 	 3 	 -3.0
2132 	 2135 	 GGG 	 3 	 3.0
2140 	 2143 	 GGG 	 3 	 3.0
2192 	 2195 	 GGG 	 3 	 3.0
2224 	 2227 	 GGG 	 3 	 3.0
2251 	 2254 	 CCC 	 3 	 -3.0
2289 	 2292 	 CCC 	 3 	 -3.0
2357 	 2360 	 CCC 	 3 	 -3.0
2367 	 2370 	 CCC 	 3 	 -3.0
2396 	 2399 	 CCC 	 3 	 -3.0
2454 	 2457 	 GGG 	 3 	 3.0
2538 	 2543 	 GGGGG 	 5 	 4.0
2566 	 2569 	 GGG 	 3 	 3.0
2581 	 2584 	 GGG 	 3 	 3.0
2590 	 2593 	 GGG 	 3 	 3.0
2665 	 2668 	 CCC 	 3 	 -3.0
2680 	 2683 	 GGG 	 3 	 3.0
2736 	 2739 	 GGG 	 3 	 3.0
2741 	 2744 	 GGG 	 3 	 3.0
2789 	 2792 	 CCC 	 3 	 -3.0
2857 	 2860 	 CCC 	 3 	 -3.0
2899 	 2904 	 CCCCC 	 5 	 -4.0
2917 	 2920 	 CCC 	 3 	 -3.0
2923 	 2926 	 GGG 	 3 	 3.0
2946 	 2949 	 GGG 	 3 	 3.0
2951 	 2954 	 GGG 	 3 	 3.0
2985 	 2990 	 CCCCC 	 5 	 -4.0
3099 	 3102 	 CCC 	 3 	 -3.0
3107 	 3111 	 CCCC 	 4 	 -4.0
3189 	 3192 	 CCC 	 3 	 -3.0
3202 	 3206 	 CCCC 	 4 	 -4.0
3338 	 3341 	 GGG 	 3 	 3.0
3391 	 3395 	 CCCC 	 4 	 -4.0
3407 	 3411 	 CCCC 	 4 	 -4.0
3412 	 3416 	 CCCC 	 4 	 -4.0
3432 	 3435 	 GGG 	 3 	 3.0
3437 	 3440 	 CCC 	 3 	 -3.0
3452 	 3455 	 GGG 	 3 	 3.0
3464 	 3468 	 GGGG 	 4 	 4.0
3484 	 3487 	 CCC 	 3 	 -3.0
3527 	 3530 	 GGG 	 3 	 3.0
3537 	 3540 	 GGG 	 3 	 3.0
3553 	 3556 	 CCC 	 3 	 -3.0
3582 	 3585 	 CCC 	 3 	 -3.0
3600 	 3603 	 GGG 	 3 	 3.0
3631 	 3634 	 GGG 	 3 	 3.0
3637 	 3640 	 GGG 	 3 	 3.0
3651 	 3654 	 GGG 	 3 	 3.0
3683 	 3686 	 CCC 	 3 	 -3.0
3734 	 3737 	 GGG 	 3 	 3.0
3748 	 3751 	 CCC 	 3 	 -3.0
3779 	 3782 	 GGG 	 3 	 3.0
3786 	 3790 	 CCCC 	 4 	 -4.0
3915 	 3918 	 CCC 	 3 	 -3.0
3923 	 3926 	 GGG 	 3 	 3.0
3941 	 3944 	 CCC 	 3 	 -3.0
3946 	 3949 	 CCC 	 3 	 -3.0
3955 	 3958 	 GGG 	 3 	 3.0
3970 	 3974 	 CCCC 	 4 	 -4.0
3987 	 3990 	 CCC 	 3 	 -3.0
4056 	 4060 	 CCCC 	 4 	 -4.0
4169 	 4172 	 CCC 	 3 	 -3.0
4192 	 4196 	 GGGG 	 4 	 4.0
4201 	 4204 	 CCC 	 3 	 -3.0
4246 	 4249 	 GGG 	 3 	 3.0
4253 	 4256 	 GGG 	 3 	 3.0
4262 	 4266 	 GGGG 	 4 	 4.0
4332 	 4335 	 CCC 	 3 	 -3.0
4374 	 4377 	 GGG 	 3 	 3.0
4384 	 4387 	 GGG 	 3 	 3.0
4395 	 4398 	 GGG 	 3 	 3.0
4409 	 4414 	 CCCCC 	 5 	 -4.0
4420 	 4424 	 CCCC 	 4 	 -4.0
4515 	 4519 	 GGGG 	 4 	 4.0
4564 	 4568 	 GGGG 	 4 	 4.0
4604 	 4608 	 CCCC 	 4 	 -4.0
4710 	 4713 	 GGG 	 3 	 3.0
4757 	 4760 	 CCC 	 3 	 -3.0
4779 	 4782 	 CCC 	 3 	 -3.0
4823 	 4826 	 GGG 	 3 	 3.0
4933 	 4936 	 GGG 	 3 	 3.0
4997 	 5000 	 CCC 	 3 	 -3.0
5046 	 5049 	 CCC 	 3 	 -3.0
5110 	 5113 	 GGG 	 3 	 3.0
5126 	 5129 	 CCC 	 3 	 -3.0
5189 	 5192 	 CCC 	 3 	 -3.0
5260 	 5263 	 CCC 	 3 	 -3.0
5331 	 5334 	 CCC 	 3 	 -3.0
5350 	 5357 	 CCCCCCC 	 7 	 -4.0
5391 	 5394 	 CCC 	 3 	 -3.0
5434 	 5438 	 CCCC 	 4 	 -4.0
5457 	 5460 	 CCC 	 3 	 -3.0
5506 	 5511 	 GGGGG 	 5 	 4.0
5512 	 5517 	 GGGGG 	 5 	 4.0
5547 	 5550 	 GGG 	 3 	 3.0
5553 	 5556 	 GGG 	 3 	 3.0
5628 	 5631 	 CCC 	 3 	 -3.0
5644 	 5647 	 GGG 	 3 	 3.0
5673 	 5676 	 GGG 	 3 	 3.0
5691 	 5695 	 GGGG 	 4 	 4.0
5709 	 5712 	 GGG 	 3 	 3.0	202
