>NM_012104.6
 Start 	 End 	 Sequence	 Length 	 Score
16 	 17 	 C 	 1 	 -4.0
17 	 18 	 C 	 1 	 -4.0
18 	 19 	 C 	 1 	 -4.0
19 	 20 	 C 	 1 	 -4.0
22 	 23 	 C 	 1 	 -3.0
23 	 24 	 C 	 1 	 -3.0
24 	 25 	 C 	 1 	 -3.0
26 	 27 	 C 	 1 	 -3.0
27 	 28 	 C 	 1 	 -3.0
28 	 29 	 C 	 1 	 -3.0
29 	 30 	 G 	 1 	 3.0
30 	 31 	 G 	 1 	 3.0
31 	 32 	 G 	 1 	 3.0
89 	 90 	 C 	 1 	 -3.0
90 	 91 	 C 	 1 	 -3.0
91 	 92 	 C 	 1 	 -3.0
96 	 97 	 C 	 1 	 -3.0
97 	 98 	 C 	 1 	 -3.0
98 	 99 	 C 	 1 	 -3.0
102 	 103 	 C 	 1 	 -4.0
103 	 104 	 C 	 1 	 -4.0
104 	 105 	 C 	 1 	 -4.0
105 	 106 	 C 	 1 	 -4.0
108 	 109 	 C 	 1 	 -3.0
109 	 110 	 C 	 1 	 -3.0
110 	 111 	 C 	 1 	 -3.0
120 	 121 	 C 	 1 	 -3.0
121 	 122 	 C 	 1 	 -3.0
122 	 123 	 C 	 1 	 -3.0
126 	 127 	 G 	 1 	 4.0
127 	 128 	 G 	 1 	 4.0
128 	 129 	 G 	 1 	 4.0
129 	 130 	 G 	 1 	 4.0
130 	 131 	 G 	 1 	 4.0
131 	 132 	 G 	 1 	 4.0
136 	 137 	 G 	 1 	 3.0
137 	 138 	 G 	 1 	 3.0
138 	 139 	 G 	 1 	 3.0
152 	 153 	 C 	 1 	 -3.0
153 	 154 	 C 	 1 	 -3.0
154 	 155 	 C 	 1 	 -3.0
161 	 162 	 C 	 1 	 -3.0
162 	 163 	 C 	 1 	 -3.0
163 	 164 	 C 	 1 	 -3.0
165 	 166 	 C 	 1 	 -4.0
166 	 167 	 C 	 1 	 -4.0
167 	 168 	 C 	 1 	 -4.0
168 	 169 	 C 	 1 	 -4.0
170 	 171 	 C 	 1 	 -3.0
171 	 172 	 C 	 1 	 -3.0
172 	 173 	 C 	 1 	 -3.0
175 	 176 	 C 	 1 	 -4.0
176 	 177 	 C 	 1 	 -4.0
177 	 178 	 C 	 1 	 -4.0
178 	 179 	 C 	 1 	 -4.0
182 	 183 	 G 	 1 	 3.0
183 	 184 	 G 	 1 	 3.0
184 	 185 	 G 	 1 	 3.0
187 	 188 	 C 	 1 	 -3.0
188 	 189 	 C 	 1 	 -3.0
189 	 190 	 C 	 1 	 -3.0
193 	 194 	 C 	 1 	 -3.0
194 	 195 	 C 	 1 	 -3.0
195 	 196 	 C 	 1 	 -3.0
200 	 201 	 C 	 1 	 -3.0
201 	 202 	 C 	 1 	 -3.0
202 	 203 	 C 	 1 	 -3.0
231 	 232 	 G 	 1 	 3.0
232 	 233 	 G 	 1 	 3.0
233 	 234 	 G 	 1 	 3.0
242 	 243 	 C 	 1 	 -3.0
243 	 244 	 C 	 1 	 -3.0
244 	 245 	 C 	 1 	 -3.0
252 	 253 	 C 	 1 	 -4.0
253 	 254 	 C 	 1 	 -4.0
254 	 255 	 C 	 1 	 -4.0
255 	 256 	 C 	 1 	 -4.0
260 	 261 	 C 	 1 	 -3.0
261 	 262 	 C 	 1 	 -3.0
262 	 263 	 C 	 1 	 -3.0
278 	 279 	 C 	 1 	 -4.0
279 	 280 	 C 	 1 	 -4.0
280 	 281 	 C 	 1 	 -4.0
281 	 282 	 C 	 1 	 -4.0
298 	 299 	 C 	 1 	 -3.0
299 	 300 	 C 	 1 	 -3.0
300 	 301 	 C 	 1 	 -3.0
304 	 305 	 C 	 1 	 -3.0
305 	 306 	 C 	 1 	 -3.0
306 	 307 	 C 	 1 	 -3.0
307 	 308 	 G 	 1 	 4.0
308 	 309 	 G 	 1 	 4.0
309 	 310 	 G 	 1 	 4.0
310 	 311 	 G 	 1 	 4.0
311 	 312 	 G 	 1 	 4.0
316 	 317 	 C 	 1 	 -3.0
317 	 318 	 C 	 1 	 -3.0
318 	 319 	 C 	 1 	 -3.0
320 	 321 	 G 	 1 	 3.0
321 	 322 	 G 	 1 	 3.0
322 	 323 	 G 	 1 	 3.0
323 	 324 	 C 	 1 	 -3.0
324 	 325 	 C 	 1 	 -3.0
325 	 326 	 C 	 1 	 -3.0
332 	 333 	 C 	 1 	 -3.0
333 	 334 	 C 	 1 	 -3.0
334 	 335 	 C 	 1 	 -3.0
348 	 349 	 C 	 1 	 -4.0
349 	 350 	 C 	 1 	 -4.0
350 	 351 	 C 	 1 	 -4.0
351 	 352 	 C 	 1 	 -4.0
352 	 353 	 C 	 1 	 -4.0
358 	 359 	 C 	 1 	 -3.0
359 	 360 	 C 	 1 	 -3.0
360 	 361 	 C 	 1 	 -3.0
385 	 386 	 C 	 1 	 -3.0
386 	 387 	 C 	 1 	 -3.0
387 	 388 	 C 	 1 	 -3.0
394 	 395 	 G 	 1 	 4.0
395 	 396 	 G 	 1 	 4.0
396 	 397 	 G 	 1 	 4.0
397 	 398 	 G 	 1 	 4.0
398 	 399 	 G 	 1 	 4.0
408 	 409 	 G 	 1 	 3.0
409 	 410 	 G 	 1 	 3.0
410 	 411 	 G 	 1 	 3.0
419 	 420 	 G 	 1 	 3.0
420 	 421 	 G 	 1 	 3.0
421 	 422 	 G 	 1 	 3.0
432 	 433 	 C 	 1 	 -3.0
433 	 434 	 C 	 1 	 -3.0
434 	 435 	 C 	 1 	 -3.0
438 	 439 	 G 	 1 	 3.0
439 	 440 	 G 	 1 	 3.0
440 	 441 	 G 	 1 	 3.0
441 	 442 	 C 	 1 	 -3.0
442 	 443 	 C 	 1 	 -3.0
443 	 444 	 C 	 1 	 -3.0
451 	 452 	 G 	 1 	 4.0
452 	 453 	 G 	 1 	 4.0
453 	 454 	 G 	 1 	 4.0
454 	 455 	 G 	 1 	 4.0
455 	 456 	 C 	 1 	 -3.0
456 	 457 	 C 	 1 	 -3.0
457 	 458 	 C 	 1 	 -3.0
465 	 466 	 C 	 1 	 -3.0
466 	 467 	 C 	 1 	 -3.0
467 	 468 	 C 	 1 	 -3.0
471 	 472 	 C 	 1 	 -3.0
472 	 473 	 C 	 1 	 -3.0
473 	 474 	 C 	 1 	 -3.0
476 	 477 	 C 	 1 	 -3.0
477 	 478 	 C 	 1 	 -3.0
478 	 479 	 C 	 1 	 -3.0
496 	 497 	 G 	 1 	 3.0
497 	 498 	 G 	 1 	 3.0
498 	 499 	 G 	 1 	 3.0
502 	 503 	 G 	 1 	 3.0
503 	 504 	 G 	 1 	 3.0
504 	 505 	 G 	 1 	 3.0
516 	 517 	 C 	 1 	 -3.0
517 	 518 	 C 	 1 	 -3.0
518 	 519 	 C 	 1 	 -3.0
525 	 526 	 C 	 1 	 -3.0
526 	 527 	 C 	 1 	 -3.0
527 	 528 	 C 	 1 	 -3.0
545 	 546 	 C 	 1 	 -4.0
546 	 547 	 C 	 1 	 -4.0
547 	 548 	 C 	 1 	 -4.0
548 	 549 	 C 	 1 	 -4.0
562 	 563 	 G 	 1 	 4.0
563 	 564 	 G 	 1 	 4.0
564 	 565 	 G 	 1 	 4.0
565 	 566 	 G 	 1 	 4.0
566 	 567 	 G 	 1 	 4.0
567 	 568 	 G 	 1 	 4.0
570 	 571 	 C 	 1 	 -4.0
571 	 572 	 C 	 1 	 -4.0
572 	 573 	 C 	 1 	 -4.0
573 	 574 	 C 	 1 	 -4.0
574 	 575 	 C 	 1 	 -4.0
575 	 576 	 C 	 1 	 -4.0
577 	 578 	 G 	 1 	 4.0
578 	 579 	 G 	 1 	 4.0
579 	 580 	 G 	 1 	 4.0
580 	 581 	 G 	 1 	 4.0
590 	 591 	 C 	 1 	 -4.0
591 	 592 	 C 	 1 	 -4.0
592 	 593 	 C 	 1 	 -4.0
593 	 594 	 C 	 1 	 -4.0
594 	 595 	 G 	 1 	 3.0
595 	 596 	 G 	 1 	 3.0
596 	 597 	 G 	 1 	 3.0
611 	 612 	 C 	 1 	 -3.0
612 	 613 	 C 	 1 	 -3.0
613 	 614 	 C 	 1 	 -3.0
620 	 621 	 C 	 1 	 -3.0
621 	 622 	 C 	 1 	 -3.0
622 	 623 	 C 	 1 	 -3.0
630 	 631 	 G 	 1 	 4.0
631 	 632 	 G 	 1 	 4.0
632 	 633 	 G 	 1 	 4.0
633 	 634 	 G 	 1 	 4.0
663 	 664 	 G 	 1 	 4.0
664 	 665 	 G 	 1 	 4.0
665 	 666 	 G 	 1 	 4.0
666 	 667 	 G 	 1 	 4.0
673 	 674 	 G 	 1 	 4.0
674 	 675 	 G 	 1 	 4.0
675 	 676 	 G 	 1 	 4.0
676 	 677 	 G 	 1 	 4.0
679 	 680 	 G 	 1 	 3.0
680 	 681 	 G 	 1 	 3.0
681 	 682 	 G 	 1 	 3.0
703 	 704 	 G 	 1 	 3.0
704 	 705 	 G 	 1 	 3.0
705 	 706 	 G 	 1 	 3.0
709 	 710 	 C 	 1 	 -4.0
710 	 711 	 C 	 1 	 -4.0
711 	 712 	 C 	 1 	 -4.0
712 	 713 	 C 	 1 	 -4.0
713 	 714 	 C 	 1 	 -4.0
714 	 715 	 C 	 1 	 -4.0
763 	 764 	 G 	 1 	 3.0
764 	 765 	 G 	 1 	 3.0
765 	 766 	 G 	 1 	 3.0
771 	 772 	 C 	 1 	 -4.0
772 	 773 	 C 	 1 	 -4.0
773 	 774 	 C 	 1 	 -4.0
774 	 775 	 C 	 1 	 -4.0
775 	 776 	 C 	 1 	 -4.0
776 	 777 	 C 	 1 	 -4.0
778 	 779 	 C 	 1 	 -4.0
779 	 780 	 C 	 1 	 -4.0
780 	 781 	 C 	 1 	 -4.0
781 	 782 	 C 	 1 	 -4.0
825 	 826 	 G 	 1 	 3.0
826 	 827 	 G 	 1 	 3.0
827 	 828 	 G 	 1 	 3.0
838 	 839 	 G 	 1 	 3.0
839 	 840 	 G 	 1 	 3.0
840 	 841 	 G 	 1 	 3.0
851 	 852 	 C 	 1 	 -3.0
852 	 853 	 C 	 1 	 -3.0
853 	 854 	 C 	 1 	 -3.0
858 	 859 	 C 	 1 	 -3.0
859 	 860 	 C 	 1 	 -3.0
860 	 861 	 C 	 1 	 -3.0
862 	 863 	 G 	 1 	 3.0
863 	 864 	 G 	 1 	 3.0
864 	 865 	 G 	 1 	 3.0
870 	 871 	 G 	 1 	 3.0
871 	 872 	 G 	 1 	 3.0
872 	 873 	 G 	 1 	 3.0
875 	 876 	 G 	 1 	 4.0
876 	 877 	 G 	 1 	 4.0
877 	 878 	 G 	 1 	 4.0
878 	 879 	 G 	 1 	 4.0
883 	 884 	 G 	 1 	 3.0
884 	 885 	 G 	 1 	 3.0
885 	 886 	 G 	 1 	 3.0
904 	 905 	 C 	 1 	 -4.0
905 	 906 	 C 	 1 	 -4.0
906 	 907 	 C 	 1 	 -4.0
907 	 908 	 C 	 1 	 -4.0
908 	 909 	 C 	 1 	 -4.0
913 	 914 	 C 	 1 	 -4.0
914 	 915 	 C 	 1 	 -4.0
915 	 916 	 C 	 1 	 -4.0
916 	 917 	 C 	 1 	 -4.0
987 	 988 	 G 	 1 	 3.0
988 	 989 	 G 	 1 	 3.0
989 	 990 	 G 	 1 	 3.0
1000 	 1001 	 G 	 1 	 4.0
1001 	 1002 	 G 	 1 	 4.0
1002 	 1003 	 G 	 1 	 4.0
1003 	 1004 	 G 	 1 	 4.0
1038 	 1039 	 C 	 1 	 -3.0
1039 	 1040 	 C 	 1 	 -3.0
1040 	 1041 	 C 	 1 	 -3.0
1074 	 1075 	 C 	 1 	 -3.0
1075 	 1076 	 C 	 1 	 -3.0
1076 	 1077 	 C 	 1 	 -3.0
1082 	 1083 	 C 	 1 	 -3.0
1083 	 1084 	 C 	 1 	 -3.0
1084 	 1085 	 C 	 1 	 -3.0
1095 	 1096 	 C 	 1 	 -3.0
1096 	 1097 	 C 	 1 	 -3.0
1097 	 1098 	 C 	 1 	 -3.0
1120 	 1121 	 C 	 1 	 -4.0
1121 	 1122 	 C 	 1 	 -4.0
1122 	 1123 	 C 	 1 	 -4.0
1123 	 1124 	 C 	 1 	 -4.0
1124 	 1125 	 C 	 1 	 -4.0
1157 	 1158 	 G 	 1 	 3.0
1158 	 1159 	 G 	 1 	 3.0
1159 	 1160 	 G 	 1 	 3.0
1217 	 1218 	 C 	 1 	 -3.0
1218 	 1219 	 C 	 1 	 -3.0
1219 	 1220 	 C 	 1 	 -3.0
1227 	 1228 	 G 	 1 	 3.0
1228 	 1229 	 G 	 1 	 3.0
1229 	 1230 	 G 	 1 	 3.0
1257 	 1258 	 G 	 1 	 3.0
1258 	 1259 	 G 	 1 	 3.0
1259 	 1260 	 G 	 1 	 3.0
1352 	 1353 	 C 	 1 	 -3.0
1353 	 1354 	 C 	 1 	 -3.0
1354 	 1355 	 C 	 1 	 -3.0
1414 	 1415 	 C 	 1 	 -3.0
1415 	 1416 	 C 	 1 	 -3.0
1416 	 1417 	 C 	 1 	 -3.0
1467 	 1468 	 C 	 1 	 -4.0
1468 	 1469 	 C 	 1 	 -4.0
1469 	 1470 	 C 	 1 	 -4.0
1470 	 1471 	 C 	 1 	 -4.0
1483 	 1484 	 C 	 1 	 -3.0
1484 	 1485 	 C 	 1 	 -3.0
1485 	 1486 	 C 	 1 	 -3.0
1507 	 1508 	 G 	 1 	 3.0
1508 	 1509 	 G 	 1 	 3.0
1509 	 1510 	 G 	 1 	 3.0
1587 	 1588 	 C 	 1 	 -3.0
1588 	 1589 	 C 	 1 	 -3.0
1589 	 1590 	 C 	 1 	 -3.0
1630 	 1631 	 G 	 1 	 3.0
1631 	 1632 	 G 	 1 	 3.0
1632 	 1633 	 G 	 1 	 3.0
1642 	 1643 	 G 	 1 	 3.0
1643 	 1644 	 G 	 1 	 3.0
1644 	 1645 	 G 	 1 	 3.0
1660 	 1661 	 G 	 1 	 3.0
1661 	 1662 	 G 	 1 	 3.0
1662 	 1663 	 G 	 1 	 3.0
1683 	 1684 	 G 	 1 	 3.0
1684 	 1685 	 G 	 1 	 3.0
1685 	 1686 	 G 	 1 	 3.0
1686 	 1687 	 C 	 1 	 -3.0
1687 	 1688 	 C 	 1 	 -3.0
1688 	 1689 	 C 	 1 	 -3.0
1759 	 1760 	 C 	 1 	 -3.0
1760 	 1761 	 C 	 1 	 -3.0
1761 	 1762 	 C 	 1 	 -3.0
1821 	 1822 	 C 	 1 	 -3.0
1822 	 1823 	 C 	 1 	 -3.0
1823 	 1824 	 C 	 1 	 -3.0
1860 	 1861 	 C 	 1 	 -3.0
1861 	 1862 	 C 	 1 	 -3.0
1862 	 1863 	 C 	 1 	 -3.0
1953 	 1954 	 C 	 1 	 -3.0
1954 	 1955 	 C 	 1 	 -3.0
1955 	 1956 	 C 	 1 	 -3.0
1972 	 1973 	 C 	 1 	 -3.0
1973 	 1974 	 C 	 1 	 -3.0
1974 	 1975 	 C 	 1 	 -3.0
1977 	 1978 	 G 	 1 	 3.0
1978 	 1979 	 G 	 1 	 3.0
1979 	 1980 	 G 	 1 	 3.0
1995 	 1996 	 C 	 1 	 -4.0
1996 	 1997 	 C 	 1 	 -4.0
1997 	 1998 	 C 	 1 	 -4.0
1998 	 1999 	 C 	 1 	 -4.0
2075 	 2076 	 C 	 1 	 -3.0
2076 	 2077 	 C 	 1 	 -3.0
2077 	 2078 	 C 	 1 	 -3.0
2079 	 2080 	 C 	 1 	 -4.0
2080 	 2081 	 C 	 1 	 -4.0
2081 	 2082 	 C 	 1 	 -4.0
2082 	 2083 	 C 	 1 	 -4.0
2084 	 2085 	 C 	 1 	 -3.0
2085 	 2086 	 C 	 1 	 -3.0
2086 	 2087 	 C 	 1 	 -3.0
2132 	 2133 	 G 	 1 	 3.0
2133 	 2134 	 G 	 1 	 3.0
2134 	 2135 	 G 	 1 	 3.0
2140 	 2141 	 G 	 1 	 3.0
2141 	 2142 	 G 	 1 	 3.0
2142 	 2143 	 G 	 1 	 3.0
2192 	 2193 	 G 	 1 	 3.0
2193 	 2194 	 G 	 1 	 3.0
2194 	 2195 	 G 	 1 	 3.0
2224 	 2225 	 G 	 1 	 3.0
2225 	 2226 	 G 	 1 	 3.0
2226 	 2227 	 G 	 1 	 3.0
2251 	 2252 	 C 	 1 	 -3.0
2252 	 2253 	 C 	 1 	 -3.0
2253 	 2254 	 C 	 1 	 -3.0
2289 	 2290 	 C 	 1 	 -3.0
2290 	 2291 	 C 	 1 	 -3.0
2291 	 2292 	 C 	 1 	 -3.0
2357 	 2358 	 C 	 1 	 -3.0
2358 	 2359 	 C 	 1 	 -3.0
2359 	 2360 	 C 	 1 	 -3.0
2367 	 2368 	 C 	 1 	 -3.0
2368 	 2369 	 C 	 1 	 -3.0
2369 	 2370 	 C 	 1 	 -3.0
2396 	 2397 	 C 	 1 	 -3.0
2397 	 2398 	 C 	 1 	 -3.0
2398 	 2399 	 C 	 1 	 -3.0
2454 	 2455 	 G 	 1 	 3.0
2455 	 2456 	 G 	 1 	 3.0
2456 	 2457 	 G 	 1 	 3.0
2538 	 2539 	 G 	 1 	 4.0
2539 	 2540 	 G 	 1 	 4.0
2540 	 2541 	 G 	 1 	 4.0
2541 	 2542 	 G 	 1 	 4.0
2542 	 2543 	 G 	 1 	 4.0
2566 	 2567 	 G 	 1 	 3.0
2567 	 2568 	 G 	 1 	 3.0
2568 	 2569 	 G 	 1 	 3.0
2581 	 2582 	 G 	 1 	 3.0
2582 	 2583 	 G 	 1 	 3.0
2583 	 2584 	 G 	 1 	 3.0
2590 	 2591 	 G 	 1 	 3.0
2591 	 2592 	 G 	 1 	 3.0
2592 	 2593 	 G 	 1 	 3.0
2665 	 2666 	 C 	 1 	 -3.0
2666 	 2667 	 C 	 1 	 -3.0
2667 	 2668 	 C 	 1 	 -3.0
2680 	 2681 	 G 	 1 	 3.0
2681 	 2682 	 G 	 1 	 3.0
2682 	 2683 	 G 	 1 	 3.0
2736 	 2737 	 G 	 1 	 3.0
2737 	 2738 	 G 	 1 	 3.0
2738 	 2739 	 G 	 1 	 3.0
2741 	 2742 	 G 	 1 	 3.0
2742 	 2743 	 G 	 1 	 3.0
2743 	 2744 	 G 	 1 	 3.0
2789 	 2790 	 C 	 1 	 -3.0
2790 	 2791 	 C 	 1 	 -3.0
2791 	 2792 	 C 	 1 	 -3.0
2857 	 2858 	 C 	 1 	 -3.0
2858 	 2859 	 C 	 1 	 -3.0
2859 	 2860 	 C 	 1 	 -3.0
2899 	 2900 	 C 	 1 	 -4.0
2900 	 2901 	 C 	 1 	 -4.0
2901 	 2902 	 C 	 1 	 -4.0
2902 	 2903 	 C 	 1 	 -4.0
2903 	 2904 	 C 	 1 	 -4.0
2917 	 2918 	 C 	 1 	 -3.0
2918 	 2919 	 C 	 1 	 -3.0
2919 	 2920 	 C 	 1 	 -3.0
2923 	 2924 	 G 	 1 	 3.0
2924 	 2925 	 G 	 1 	 3.0
2925 	 2926 	 G 	 1 	 3.0
2946 	 2947 	 G 	 1 	 3.0
2947 	 2948 	 G 	 1 	 3.0
2948 	 2949 	 G 	 1 	 3.0
2951 	 2952 	 G 	 1 	 3.0
2952 	 2953 	 G 	 1 	 3.0
2953 	 2954 	 G 	 1 	 3.0
2985 	 2986 	 C 	 1 	 -4.0
2986 	 2987 	 C 	 1 	 -4.0
2987 	 2988 	 C 	 1 	 -4.0
2988 	 2989 	 C 	 1 	 -4.0
2989 	 2990 	 C 	 1 	 -4.0
3099 	 3100 	 C 	 1 	 -3.0
3100 	 3101 	 C 	 1 	 -3.0
3101 	 3102 	 C 	 1 	 -3.0
3107 	 3108 	 C 	 1 	 -4.0
3108 	 3109 	 C 	 1 	 -4.0
3109 	 3110 	 C 	 1 	 -4.0
3110 	 3111 	 C 	 1 	 -4.0
3189 	 3190 	 C 	 1 	 -3.0
3190 	 3191 	 C 	 1 	 -3.0
3191 	 3192 	 C 	 1 	 -3.0
3202 	 3203 	 C 	 1 	 -4.0
3203 	 3204 	 C 	 1 	 -4.0
3204 	 3205 	 C 	 1 	 -4.0
3205 	 3206 	 C 	 1 	 -4.0
3338 	 3339 	 G 	 1 	 3.0
3339 	 3340 	 G 	 1 	 3.0
3340 	 3341 	 G 	 1 	 3.0
3391 	 3392 	 C 	 1 	 -4.0
3392 	 3393 	 C 	 1 	 -4.0
3393 	 3394 	 C 	 1 	 -4.0
3394 	 3395 	 C 	 1 	 -4.0
3407 	 3408 	 C 	 1 	 -4.0
3408 	 3409 	 C 	 1 	 -4.0
3409 	 3410 	 C 	 1 	 -4.0
3410 	 3411 	 C 	 1 	 -4.0
3412 	 3413 	 C 	 1 	 -4.0
3413 	 3414 	 C 	 1 	 -4.0
3414 	 3415 	 C 	 1 	 -4.0
3415 	 3416 	 C 	 1 	 -4.0
3432 	 3433 	 G 	 1 	 3.0
3433 	 3434 	 G 	 1 	 3.0
3434 	 3435 	 G 	 1 	 3.0
3437 	 3438 	 C 	 1 	 -3.0
3438 	 3439 	 C 	 1 	 -3.0
3439 	 3440 	 C 	 1 	 -3.0
3452 	 3453 	 G 	 1 	 3.0
3453 	 3454 	 G 	 1 	 3.0
3454 	 3455 	 G 	 1 	 3.0
3464 	 3465 	 G 	 1 	 4.0
3465 	 3466 	 G 	 1 	 4.0
3466 	 3467 	 G 	 1 	 4.0
3467 	 3468 	 G 	 1 	 4.0
3484 	 3485 	 C 	 1 	 -3.0
3485 	 3486 	 C 	 1 	 -3.0
3486 	 3487 	 C 	 1 	 -3.0
3527 	 3528 	 G 	 1 	 3.0
3528 	 3529 	 G 	 1 	 3.0
3529 	 3530 	 G 	 1 	 3.0
3537 	 3538 	 G 	 1 	 3.0
3538 	 3539 	 G 	 1 	 3.0
3539 	 3540 	 G 	 1 	 3.0
3553 	 3554 	 C 	 1 	 -3.0
3554 	 3555 	 C 	 1 	 -3.0
3555 	 3556 	 C 	 1 	 -3.0
3582 	 3583 	 C 	 1 	 -3.0
3583 	 3584 	 C 	 1 	 -3.0
3584 	 3585 	 C 	 1 	 -3.0
3600 	 3601 	 G 	 1 	 3.0
3601 	 3602 	 G 	 1 	 3.0
3602 	 3603 	 G 	 1 	 3.0
3631 	 3632 	 G 	 1 	 3.0
3632 	 3633 	 G 	 1 	 3.0
3633 	 3634 	 G 	 1 	 3.0
3637 	 3638 	 G 	 1 	 3.0
3638 	 3639 	 G 	 1 	 3.0
3639 	 3640 	 G 	 1 	 3.0
3651 	 3652 	 G 	 1 	 3.0
3652 	 3653 	 G 	 1 	 3.0
3653 	 3654 	 G 	 1 	 3.0
3683 	 3684 	 C 	 1 	 -3.0
3684 	 3685 	 C 	 1 	 -3.0
3685 	 3686 	 C 	 1 	 -3.0
3734 	 3735 	 G 	 1 	 3.0
3735 	 3736 	 G 	 1 	 3.0
3736 	 3737 	 G 	 1 	 3.0
3748 	 3749 	 C 	 1 	 -3.0
3749 	 3750 	 C 	 1 	 -3.0
3750 	 3751 	 C 	 1 	 -3.0
3779 	 3780 	 G 	 1 	 3.0
3780 	 3781 	 G 	 1 	 3.0
3781 	 3782 	 G 	 1 	 3.0
3786 	 3787 	 C 	 1 	 -4.0
3787 	 3788 	 C 	 1 	 -4.0
3788 	 3789 	 C 	 1 	 -4.0
3789 	 3790 	 C 	 1 	 -4.0
3915 	 3916 	 C 	 1 	 -3.0
3916 	 3917 	 C 	 1 	 -3.0
3917 	 3918 	 C 	 1 	 -3.0
3923 	 3924 	 G 	 1 	 3.0
3924 	 3925 	 G 	 1 	 3.0
3925 	 3926 	 G 	 1 	 3.0
3941 	 3942 	 C 	 1 	 -3.0
3942 	 3943 	 C 	 1 	 -3.0
3943 	 3944 	 C 	 1 	 -3.0
3946 	 3947 	 C 	 1 	 -3.0
3947 	 3948 	 C 	 1 	 -3.0
3948 	 3949 	 C 	 1 	 -3.0
3955 	 3956 	 G 	 1 	 3.0
3956 	 3957 	 G 	 1 	 3.0
3957 	 3958 	 G 	 1 	 3.0
3970 	 3971 	 C 	 1 	 -4.0
3971 	 3972 	 C 	 1 	 -4.0
3972 	 3973 	 C 	 1 	 -4.0
3973 	 3974 	 C 	 1 	 -4.0
3987 	 3988 	 C 	 1 	 -3.0
3988 	 3989 	 C 	 1 	 -3.0
3989 	 3990 	 C 	 1 	 -3.0
4056 	 4057 	 C 	 1 	 -4.0
4057 	 4058 	 C 	 1 	 -4.0
4058 	 4059 	 C 	 1 	 -4.0
4059 	 4060 	 C 	 1 	 -4.0
4169 	 4170 	 C 	 1 	 -3.0
4170 	 4171 	 C 	 1 	 -3.0
4171 	 4172 	 C 	 1 	 -3.0
4192 	 4193 	 G 	 1 	 4.0
4193 	 4194 	 G 	 1 	 4.0
4194 	 4195 	 G 	 1 	 4.0
4195 	 4196 	 G 	 1 	 4.0
4201 	 4202 	 C 	 1 	 -3.0
4202 	 4203 	 C 	 1 	 -3.0
4203 	 4204 	 C 	 1 	 -3.0
4246 	 4247 	 G 	 1 	 3.0
4247 	 4248 	 G 	 1 	 3.0
4248 	 4249 	 G 	 1 	 3.0
4253 	 4254 	 G 	 1 	 3.0
4254 	 4255 	 G 	 1 	 3.0
4255 	 4256 	 G 	 1 	 3.0
4262 	 4263 	 G 	 1 	 4.0
4263 	 4264 	 G 	 1 	 4.0
4264 	 4265 	 G 	 1 	 4.0
4265 	 4266 	 G 	 1 	 4.0
4332 	 4333 	 C 	 1 	 -3.0
4333 	 4334 	 C 	 1 	 -3.0
4334 	 4335 	 C 	 1 	 -3.0
4374 	 4375 	 G 	 1 	 3.0
4375 	 4376 	 G 	 1 	 3.0
4376 	 4377 	 G 	 1 	 3.0
4384 	 4385 	 G 	 1 	 3.0
4385 	 4386 	 G 	 1 	 3.0
4386 	 4387 	 G 	 1 	 3.0
4395 	 4396 	 G 	 1 	 3.0
4396 	 4397 	 G 	 1 	 3.0
4397 	 4398 	 G 	 1 	 3.0
4409 	 4410 	 C 	 1 	 -4.0
4410 	 4411 	 C 	 1 	 -4.0
4411 	 4412 	 C 	 1 	 -4.0
4412 	 4413 	 C 	 1 	 -4.0
4413 	 4414 	 C 	 1 	 -4.0
4420 	 4421 	 C 	 1 	 -4.0
4421 	 4422 	 C 	 1 	 -4.0
4422 	 4423 	 C 	 1 	 -4.0
4423 	 4424 	 C 	 1 	 -4.0
4515 	 4516 	 G 	 1 	 4.0
4516 	 4517 	 G 	 1 	 4.0
4517 	 4518 	 G 	 1 	 4.0
4518 	 4519 	 G 	 1 	 4.0
4564 	 4565 	 G 	 1 	 4.0
4565 	 4566 	 G 	 1 	 4.0
4566 	 4567 	 G 	 1 	 4.0
4567 	 4568 	 G 	 1 	 4.0
4604 	 4605 	 C 	 1 	 -4.0
4605 	 4606 	 C 	 1 	 -4.0
4606 	 4607 	 C 	 1 	 -4.0
4607 	 4608 	 C 	 1 	 -4.0
4710 	 4711 	 G 	 1 	 3.0
4711 	 4712 	 G 	 1 	 3.0
4712 	 4713 	 G 	 1 	 3.0
4757 	 4758 	 C 	 1 	 -3.0
4758 	 4759 	 C 	 1 	 -3.0
4759 	 4760 	 C 	 1 	 -3.0
4779 	 4780 	 C 	 1 	 -3.0
4780 	 4781 	 C 	 1 	 -3.0
4781 	 4782 	 C 	 1 	 -3.0
4823 	 4824 	 G 	 1 	 3.0
4824 	 4825 	 G 	 1 	 3.0
4825 	 4826 	 G 	 1 	 3.0
4933 	 4934 	 G 	 1 	 3.0
4934 	 4935 	 G 	 1 	 3.0
4935 	 4936 	 G 	 1 	 3.0
4997 	 4998 	 C 	 1 	 -3.0
4998 	 4999 	 C 	 1 	 -3.0
4999 	 5000 	 C 	 1 	 -3.0
5046 	 5047 	 C 	 1 	 -3.0
5047 	 5048 	 C 	 1 	 -3.0
5048 	 5049 	 C 	 1 	 -3.0
5110 	 5111 	 G 	 1 	 3.0
5111 	 5112 	 G 	 1 	 3.0
5112 	 5113 	 G 	 1 	 3.0
5126 	 5127 	 C 	 1 	 -3.0
5127 	 5128 	 C 	 1 	 -3.0
5128 	 5129 	 C 	 1 	 -3.0
5189 	 5190 	 C 	 1 	 -3.0
5190 	 5191 	 C 	 1 	 -3.0
5191 	 5192 	 C 	 1 	 -3.0
5260 	 5261 	 C 	 1 	 -3.0
5261 	 5262 	 C 	 1 	 -3.0
5262 	 5263 	 C 	 1 	 -3.0
5331 	 5332 	 C 	 1 	 -3.0
5332 	 5333 	 C 	 1 	 -3.0
5333 	 5334 	 C 	 1 	 -3.0
5350 	 5351 	 C 	 1 	 -4.0
5351 	 5352 	 C 	 1 	 -4.0
5352 	 5353 	 C 	 1 	 -4.0
5353 	 5354 	 C 	 1 	 -4.0
5354 	 5355 	 C 	 1 	 -4.0
5355 	 5356 	 C 	 1 	 -4.0
5356 	 5357 	 C 	 1 	 -4.0
5391 	 5392 	 C 	 1 	 -3.0
5392 	 5393 	 C 	 1 	 -3.0
5393 	 5394 	 C 	 1 	 -3.0
5434 	 5435 	 C 	 1 	 -4.0
5435 	 5436 	 C 	 1 	 -4.0
5436 	 5437 	 C 	 1 	 -4.0
5437 	 5438 	 C 	 1 	 -4.0
5457 	 5458 	 C 	 1 	 -3.0
5458 	 5459 	 C 	 1 	 -3.0
5459 	 5460 	 C 	 1 	 -3.0
5506 	 5507 	 G 	 1 	 4.0
5507 	 5508 	 G 	 1 	 4.0
5508 	 5509 	 G 	 1 	 4.0
5509 	 5510 	 G 	 1 	 4.0
5510 	 5511 	 G 	 1 	 4.0
5512 	 5513 	 G 	 1 	 4.0
5513 	 5514 	 G 	 1 	 4.0
5514 	 5515 	 G 	 1 	 4.0
5515 	 5516 	 G 	 1 	 4.0
5516 	 5517 	 G 	 1 	 4.0
5547 	 5548 	 G 	 1 	 3.0
5548 	 5549 	 G 	 1 	 3.0
5549 	 5550 	 G 	 1 	 3.0
5553 	 5554 	 G 	 1 	 3.0
5554 	 5555 	 G 	 1 	 3.0
5555 	 5556 	 G 	 1 	 3.0
5628 	 5629 	 C 	 1 	 -3.0
5629 	 5630 	 C 	 1 	 -3.0
5630 	 5631 	 C 	 1 	 -3.0
5644 	 5645 	 G 	 1 	 3.0
5645 	 5646 	 G 	 1 	 3.0
5646 	 5647 	 G 	 1 	 3.0
5673 	 5674 	 G 	 1 	 3.0
5674 	 5675 	 G 	 1 	 3.0
5675 	 5676 	 G 	 1 	 3.0
5691 	 5692 	 G 	 1 	 4.0
5692 	 5693 	 G 	 1 	 4.0
5693 	 5694 	 G 	 1 	 4.0
5694 	 5695 	 G 	 1 	 4.0
5709 	 5710 	 G 	 1 	 3.0
5710 	 5711 	 G 	 1 	 3.0
5711 	 5712 	 G 	 1 	 3.0
